GPA: 0.86071
Grit:0.67662
Material_hardship:0.0298
Eviction:0.05341
Layoff:0.17435
Job_training:0.20224
Number_of_ids: 4242
