GPA: 0.39715
Grit:0.22922
Material_hardship:0.02638
Eviction:0.05341
Layoff:0.17435
Job_training:0.20224
Number_of_ids: 4242
